10
100005
100044
100072
10019
100193
100252
100262
100266
100282
100334
100335
100367
100381
100389
100401
100489
100498
100551
100593
100603
100625
100634
100715
10080
100840
10088
100880
100884
100896
100935
10097
100982
100991
101
101056
101077
101133
101181
101220
101252
101255
101273
101283
101352
101387
101508
101550
101551
101568
101577
10158
101630
101641
101662
10169
101712
101750
101796
101870
101908
101953
101968
102021
102024
102103
102154
10217
102207
102249
10225
102325
102400
102448
102450
102465
102507
102544
10255
102597
102618
102623
102705
102770
10281
102837
102859
103031
103039
103043
103056
103163
103170
103201
103223
103226
103229
103271
103282
103297
103310
103451
103457
103471
103562
103582
103595
1036
103622
103641
103680
103688
103778
103802
103884
103979
10401
104164
104233
10426
104264
104266
104270
104339
104378
104403
104439
104488
104504
104509
104535
104559
104583
104595
104609
10461
104698
104723
104766
1048
104842
104854
104938
104979
105062
105121
105148
105156
105157
105177
105235
10526
105263
105301
105402
10541
10569
10571
10632
10640
106654
106729
10711
10768
107787
107795
107803
107831
107840
107866
107880
10792
107934
107961
107980
107984
108048
10806
108159
108160
108162
108225
108320
108355
108367
108409
10845
10853
10866
108707
108726
108843
108890
108908
108989
109047
109079
109169
109200
109226
109273
109307
109320
109324
109406
109439
10981
11
110214
110338
110391
110460
110466
110621
110709
110809
110866
110927
11096
110971
110982
111021
111102
111116
11131
111411
111465
111468
111488
111494
111511
111542
111592
11163
111631
111665
111666
111800
111852
11188
111883
111934
111948
11196
112009
112037
112039
112058
112079
112085
11211
112202
112214
112262
112276
112382
112443
112469
112474
112536
112605
11263
112678
112701
112708
112793
112806
112899
112920
112987
112990
113002
113092
113135
113148
11335
113393
11343
113492
113493
113523
113535
113586
113683
113696
113706
113739
113759
113764
113786
113866
113927
113941
113958
114050
114080
114094
114108
114119
114133
114150
114189
114251
114297
114327
114352
114354
114367
11443
114577
114628
114654
114708
114762
114768
114803
114804
114874
114914
115127
115200
11522
115258
115270
115322
115330
115401
11546
115521
115575
115630
115664
115718
115785
115787
115805
115809
115839
115894
11592
115965
115999
116079
1161
116126
11614
11616
116266
116316
116382
116423
116459
116530
116545
116574
116608
116644
116722
116744
11680
116819
11684
116890
116900
116936
116998
117010
117023
11706
117118
11716
117166
117263
117303
117309
117327
117332
117348
117368
117418
117419
117454
117494
117560
117672
117749
117867
117886
117917
118003
118038
118054
118120
118137
11827
118396
118419
118473
118517
118567
118611
118620
118623
118667
118752
11879
118838
118871
118939
118958
11897
119051
119056
119068
119114
119115
119141
119142
119144
11916
119183
119199
119205
11924
119253
119332
119335
119451
119457
119489
119510
119516
119521
119530
119535
119543
119552
119579
11967
11970
119712
11975
119774
11978
119862
119868
119902
119931
119999
12
120041
120053
120133
120225
120278
120325
120352
120356
120369
120387
1204
120426
120543
120593
120598
120793
120802
120913
120945
120979
121015
121131
121133
121135
121255
121259
121275
121332
121346
121423
121503
121527
121534
121604
121620
121653
121671
121682
121771
121786
121805
121806
121809
121811
121816
121818
121824
121864
121875
121877
121897
121901
121923
121989
122005
122013
122018
122032
122073
122086
122149
122155
12222
122304
122324
12234
122370
122389
122435
122468
122537
122561
122567
122590
122612
122769
122823
122886
122902
122915
122916
122921
122935
122939
122946
122982
122990
12310
123184
123195
123204
123468
123498
123517
123607
123647
123652
123827
123838
123840
124018
124059
124123
124200
12421
124277
124305
124306
124397
124405
124406
124408
124454
124477
124534
124602
124604
124632
124635
124685
124724
124751
124753
124765
124784
12480
124830
125046
125133
125156
125162
125285
125308
125320
12537
125414
125478
125659
125665
125704
125740
125770
12582
125830
125840
12586
125892
125902
125932
125997
126013
12604
12605
126069
126093
126332
126423
126462
126539
126560
126587
126605
126656
126660
126810
126845
126920
126928
12694
126965
127
12722
127315
127368
12737
12738
127467
127472
127499
127630
127676
127734
127753
127776
127809
127817
12782
1279
127905
127920
127940
127998
128116
128121
128129
128154
128292
128294
128408
128461
128472
128498
128585
12860
128609
128634
128667
128683
1287
128769
128773
128781
128807
128857
128962
128979
129039
129059
129098
1291
12915
129180
1292
129261
129268
129536
12954
129552
129654
12968
129682
129697
129708
129733
129797
129949
13
130007
130009
130010
1301
130176
130247
130313
130364
130367
130383
130509
130510
130547
130582
130671
130672
130685
130692
130768
130788
130825
130864
13094
130943
131084
131111
131164
131173
131177
1312
13123
131395
131489
131491
131676
131694
131804
131850
131929
1320
132135
132141
132182
132185
132187
1322
132240
132291
132334
132379
132406
132450
132461
132462
13248
1325
132507
132596
132610
132612
132617
132620
132621
132628
132667
132722
13274
132747
13276
132774
132848
132893
132914
132933
132943
132963
133006
133085
133141
13324
133254
133257
133324
133521
133787
134
1340
13401
134033
134052
134146
134147
134209
134214
134216
134221
134224
134228
134309
134333
13436
134404
134408
134434
134438
134615
134648
134659
134710
134729
134754
134865
134948
134999
135018
13510
135111
135170
135230
135246
135291
135316
135318
135435
135444
135475
135480
135643
135685
135701
135713
135728
135769
135773
135807
135865
13591
135928
135993
136066
136078
1361
136101
136117
136143
136158
136187
1362
136208
136241
136242
136248
136254
136266
136294
136296
136319
136344
136361
136378
136387
136394
136454
136489
136503
136505
13653
13658
136582
136583
136708
136785
136811
136822
136841
136848
136873
136918
136940
136956
136984
137012
137035
137077
137079
137080
137086
1371
137191
1372
137250
137273
137274
137328
137345
137408
137422
137448
137477
13750
137514
137605
137624
137635
137647
13768
137798
1378
137830
137871
137903
137927
137956
138031
13813
138151
138293
13832
138377
138382
138539
138566
138582
138596
1386
138663
138679
138692
138725
138737
138754
138765
138772
138781
1388
138810
138858
13888
13889
138920
13893
138994
139016
139061
139062
139139
139279
139333
139399
139453
139553
139637
139638
139844
139862
139875
13991
139941
14
140018
140094
140119
140128
140153
140212
140213
140249
140274
14035
140374
140424
140428
140587
140593
140629
140654
14066
140696
1407
140723
140735
140802
140926
140969
1410
141088
141217
141233
141260
141375
141461
14150
14151
14153
141537
141554
141729
141740
141872
141885
142057
142061
142143
142161
142195
1422
142243
1423
14239
142421
142425
142426
142435
142463
142469
142470
1425
142583
142589
142606
1427
142726
1428
142827
142833
1429
142933
142966
142979
143010
14304
1431
143273
143278
143392
143423
143483
143499
1435
143547
143548
143549
143550
14357
14361
143619
143645
143661
14369
143694
1437
143755
143876
143880
143900
143925
143927
143950
143982
143985
144040
144101
14411
144160
144218
144299
144411
144424
144434
144436
144479
144502
144583
144595
144688
144700
144739
144815
144834
144840
144841
1449
14494
144952
145021
145075
145137
145201
145206
145220
145233
145241
145246
145255
145312
145397
1454
145410
145411
14544
145483
145526
145536
14555
145564
14559
145670
145685
145998
146043
146121
146235
1463
146355
14637
14638
146442
146532
146591
146668
146721
146759
146765
146792
146820
146879
146892
146910
146914
14703
14719
147239
147245
147296
147300
147317
147331
147394
14740
147448
147482
147497
14751
147628
147697
147748
14775
147808
147882
147926
147946
14798
147984
148071
148125
148130
148214
148233
148256
148352
148364
148436
148529
14860
148618
148634
148644
148668
1487
148815
14885
148879
148926
148938
149076
1491
149196
14921
149418
149494
149496
149501
149505
149522
149523
149547
149565
149579
149628
149634
149643
149667
149703
149704
149712
149722
149771
149797
149839
14987
149907
149914
149971
150016
150092
150165
150166
150179
150191
150208
150294
150410
150464
150491
150591
150596
150646
150672
150708
150782
150801
150966
151024
151034
151037
151050
151267
151289
151291
151338
151557
151559
151565
151580
151602
151604
151633
151690
151743
151744
151758
151807
151824
151832
151836
151841
151843
152033
152088
152120
152152
152267
152295
152418
152476
152502
152641
152700
152704
152712
152713
152800
152866
152917
152926
153117
153141
153338
153400
153401
153445
153448
153455
153468
153565
153604
153705
153822
153834
153965
15397
153975
154
154001
154028
154152
154154
154199
154297
154315
154358
154367
154425
154486
154547
154548
154619
154715
154820
155000
155004
155040
155041
155049
155057
155102
155177
155187
1552
155205
155231
155268
155270
155357
155496
155509
155570
1556
155602
155815
155817
155902
155984
155987
156
1560
156051
156081
156098
156214
156245
15625
156277
15643
156439
156449
156470
156511
156531
156536
156545
156551
156575
156714
156803
156838
1569
1570
157012
157040
157044
157056
157089
157157
157168
157192
157249
157259
157380
157382
157388
15755
157642
157652
157774
157777
157792
157799
157825
157841
157883
157894
157946
157976
158013
158062
158078
158151
158164
158206
158249
15827
158329
158415
158459
158473
158564
15859
158723
158729
158742
158770
158772
158774
158784
158859
158915
158917
158918
15893
159012
159013
159016
159046
159068
159078
159105
159149
159159
159168
159189
159241
159279
159302
159314
159445
159493
159496
159511
159535
159614
159638
159653
159662
159727
159730
159738
159924
159970
159996
160
160012
16010
160175
160338
160343
160358
160434
160447
160497
160635
160717
160744
160822
160846
160948
161035
161064
161085
161112
161118
161120
161129
161154
161250
161266
161277
161328
161432
161451
161598
161636
161741
161774
161786
161807
161947
161961
161964
161976
161982
161997
162
162185
16224
162294
162470
162542
162705
162742
162775
163099
163117
163198
16336
163394
163455
163471
163582
163660
163665
163699
163756
163805
163834
163873
163881
1639
163939
163990
163994
164040
164115
164397
1644
164446
164450
164506
164523
164547
164561
164596
164598
16463
164633
164639
16464
16468
164704
164851
164853
16486
164980
164999
165
165008
165011
165019
165102
165223
165313
165324
165329
165393
165425
165675
165696
165725
165761
165795
165940
166
166017
166108
16622
166325
166377
166443
166499
166504
166631
166643
166678
166681
166682
166717
166779
166877
167011
167032
167151
16729
167290
167346
167407
167471
167488
167498
167828
167862
167892
168015
168095
168190
168204
168238
168284
168504
168585
168640
168761
168812
168813
168814
168861
168864
168908
168925
168937
168942
169010
169015
169058
169087
169161
16925
169276
169350
169417
169462
169511
169549
169649
169650
169660
169682
1697
169761
169762
169789
1698
169859
16986
170099
170122
170139
170231
170370
170492
170572
170584
170884
17093
170948
171161
171163
171228
171307
171466
171694
171754
171914
171957
172025
172063
172117
172128
172140
172160
172163
172170
172178
172182
172192
172208
17230
172339
172463
172517
172579
172785
172791
172832
172951
172967
172991
173
17300
173080
1732
173204
173413
173473
173511
173644
173725
173733
173736
173748
17387
173911
174013
174064
174158
174260
1743
174331
17434
174433
174435
174442
174480
174482
174538
174613
174625
174641
174682
174720
174885
174902
174916
174925
175137
175151
17519
175278
175509
175605
175820
176008
176019
176043
176047
176050
176051
176133
176215
176320
17642
176447
176473
176511
176640
176774
176784
176880
176882
177005
177259
177287
177291
177642
17767
177931
178030
178135
178240
178249
178269
178277
178340
178402
178477
178521
178607
178622
178782
178785
178821
178824
178841
178907
178934
178966
179186
17921
179383
179487
179534
179721
179772
179883
180005
180083
180107
180111
180118
18013
180186
180217
180256
18026
180272
180301
180322
180355
180358
180455
180510
180551
180560
180650
180872
180873
180905
18110
181155
181297
181350
1814
18144
1816
181849
181868
18194
182
182001
182089
18216
182160
182197
182233
182334
182376
182505
182547
182701
18283
182867
182932
182938
182944
182945
182969
183068
183283
183346
183421
183461
183609
183611
183769
183805
183957
183959
184002
184133
184158
184192
184329
184344
184361
184452
184469
184627
184708
184765
184766
184870
184981
185095
185272
185280
185283
185357
185476
185644
18573
185965
186077
186218
186263
186312
186363
186365
186934
187004
187081
187129
187249
187320
187449
187645
187681
187704
187732
188
188502
188544
188618
189116
189131
189133
189195
189219
189222
189292
189338
189515
18963
189690
189765
189766
189861
19
190244
190281
190303
190323
190369
1904
190733
190737
190759
190815
190852
190867
191
191067
19119
191301
191386
191521
191592
191804
192104
192259
19227
19231
192325
192452
192682
192715
192781
192812
19288
19304
19307
193228
19333
193339
193358
193535
193573
19364
193669
193674
193681
193816
194
194447
194567
19461
19475
1948
194822
19491
1950
195081
195085
195095
195270
195317
195430
195761
196
1960
196010
196224
19636
196376
196469
196559
19661
196629
196763
196975
197052
197163
197179
197291
1974
197458
197490
197533
197598
1977
198072
198179
198257
198296
198304
198468
198556
198610
198717
198807
198942
199006
19905
199143
199262
199529
199691
199774
199844
199940
200
200118
200367
200388
20053
200538
200539
200585
20059
2009
200967
201005
201282
201371
201510
201594
201946
201964
202131
202226
20251
202552
202558
202686
202693
202854
202877
202935
203098
203099
203110
20312
203192
203307
20341
20363
203927
203998
204060
204451
204583
204748
204775
20504
205062
205082
20525
205298
205355
205788
205918
206
206108
206112
206121
20618
206288
206513
20667
207057
207173
207275
20751
207758
207880
207954
208047
208166
208242
208248
208291
208439
208504
208513
208713
20874
20881
209826
209999
210337
21045
21063
210635
210659
210766
210877
2111
211177
211238
21137
21156
211716
211787
21244
212443
21248
212556
212563
212608
212768
212862
212964
21309
213124
213127
213165
213260
213400
213462
21394
214
214007
214096
214106
214241
214424
214838
21549
21553
216114
216436
21646
216474
21666
217122
217213
21735
2174
217415
21745
2176
21762
2177
21781
21835
218592
218658
21870
218857
218900
218950
219
219017
21903
21904
21921
21922
219223
219248
21928
219434
21969
219700
219838
219932
219952
220
220027
22033
220440
220486
22051
22055
220567
220610
220863
220887
221107
221151
221157
22127
22151
22154
22158
22162
221686
22184
222
222085
22211
2225
22270
222793
223107
22313
22340
22342
223516
22386
224
224151
2242
224237
224318
2250
225021
225063
22511
225116
22521
22535
225387
2256
22584
225971
226
22621
22630
226325
226457
22661
2269
226999
227045
2271
22723
227303
227320
227576
227738
227908
227942
22795
228057
22872
22873
22930
22949
23033
230391
230543
2306
23089
2309
23098
231108
231192
231517
231573
23164
23165
23168
23172
231741
231947
232044
23209
23210
23221
23232
23237
232575
23258
232748
23308
2332
233357
233477
23391
23405
234168
23423
234301
234319
2350
23546
235567
235710
235763
23595
23624
236333
23637
236548
236564
23678
236815
236907
237156
23726
23728
23733
237477
237654
237670
237901
237954
23802
23817
238182
238360
23839
23840
23841
23859
23860
238748
23890
238921
23921
23927
23954
239943
23995
24006
24010
240203
24048
24064
2407
240863
24090
241
24102
24110
24114
241159
241228
24127
241631
241636
24206
242142
24240
24242
242469
242644
242739
24283
243
243232
243524
243791
243936
244003
244313
24442
24445
244503
244555
24460
24472
244866
24490
244951
245070
245315
245427
24547
245483
245599
24563
245656
245689
24576
245802
24594
245985
2462
246990
24706
24728
24740
247572
247586
247595
24770
24781
24782
24793
247991
248
24803
24856
24857
24872
248720
24906
249098
24921
24946
2495
24985
250
250009
25017
25033
25049
25051
251
251013
25105
251055
251083
251112
251158
2514
251937
252
252315
25246
252680
25269
25284
25296
253
253104
25311
25341
25363
253690
25382
25383
254280
25435
25449
25460
254767
25482
255
255213
255223
255225
255443
25546
25568
255939
25608
25612
256405
256483
256527
25672
256773
25698
25700
257312
25734
257355
257465
257669
257670
2578
258102
258131
258324
25841
2585
258679
25874
259097
259147
259208
25924
259260
25968
260
260259
26091
261
26113
26116
26118
261203
26123
261654
261745
261746
2618
262048
26215
262312
262351
262483
26252
2627
26301
263407
263570
26367
26405
264149
264167
26426
264325
264781
265
26504
26512
26528
26541
265504
265530
265749
26606
26624
2667
26690
267
26710
26720
26732
267425
26780
26786
267892
26795
268
26817
268230
268231
268378
26856
268605
26871
26874
26875
26911
26912
2692
26934
26960
26965
270
27006
2702
27024
2714
271674
27177
272
272958
273
273908
273999
274
2744
274658
274833
275
27513
275266
27543
27612
27615
276218
276228
276428
276521
277
27869
279116
2794
280185
280259
2809
281
2810
28162
28202
282081
283543
284093
28455
28457
2865
287223
288
288411
28845
29031
29045
29094
29101
29116
29165
2920
292012
2923
2930
293367
293525
293621
294
29506
29573
29590
29602
29605
29640
296673
298220
2984
29874
29890
2992
29935
300662
30118
30139
3018
301822
302
302099
302600
302813
303160
3035
303904
304
3040
30446
30450
30496
30500
30549
30561
3068
307
3078
308
30828
3090
30913
30932
30948
31084
31088
3112
311579
312
31200
3135
31444
314544
315
31582
31643
316552
31707
31763
31947
320
32024
32048
32115
32162
32183
32549
32638
32639
326631
32672
32681
32698
32973
330
33089
33139
33160
3318
3319
332
33293
3333
335538
33572
33588
3368
33693
33714
33724
33743
3383
33845
33868
3388
33926
33951
34029
34046
34061
34183
34186
34235
3426
34266
34271
34299
34311
34322
343230
3433
34339
34363
344
34420
34431
34451
34452
345
34590
34592
34630
346386
34640
34671
34673
34679
34699
34739
34742
34744
34752
34769
3478
34868
34893
34917
34934
34977
34990
35008
35009
35101
35113
35131
35144
35149
35190
35250
35266
35268
35312
35334
35388
35390
35529
3553
35557
35588
35622
35639
35650
3568
35712
3573
35766
35778
3586
35930
35996
36030
36110
3612
3623
3625
36292
363
36340
36352
36465
365
3651
36534
3659
36590
36735
36736
36791
36803
36868
36899
37108
37161
37300
37352
37354
3736
37370
37447
37495
37544
37610
37656
37711
3776
37804
37837
37885
37899
37914
37942
37974
38057
38074
38129
38178
38193
38218
38248
38279
38288
383
38322
38339
38348
38459
38491
385
38520
38554
38555
38641
38653
3869
38702
38772
388
38835
38890
389
38917
38935
38969
38979
390
39008
39036
39275
39276
39348
39349
39352
39366
39420
39422
3944
3954
39564
39698
39816
39836
39845
39847
3992
39955
3998
40154
40198
40361
40435
40438
40505
4060
4068
40684
40706
40754
40808
41014
41022
41050
41122
41139
41140
41156
41234
41428
4143
416
4164
41698
41735
418
419
41932
41935
4197
42007
42016
42024
4205
42077
42136
42292
42311
42354
424
425
42510
42519
42520
42555
42556
42585
42700
42710
42714
42728
42732
42742
42759
428
42800
42824
4285
42857
42880
42897
42900
42901
42940
43009
43033
43051
43055
43076
43089
4310
43134
43151
43183
43194
43243
43318
43331
4335
43385
43421
4343
43494
43556
43584
43588
43599
43601
43612
43617
43712
43816
43876
43878
43915
43932
44222
44299
44311
44412
44424
44426
44444
44540
44552
44638
44672
44673
44706
44871
44896
45014
45015
45037
45081
45116
45128
45131
45137
45304
454
45440
45527
45539
45558
45653
45752
45787
458
459
45926
45963
46019
46020
46099
46255
46270
46276
46304
46442
46488
46660
46747
47070
47183
47254
47344
4741
47445
47454
47506
47559
47562
47566
47619
47684
47741
47747
47777
47804
47808
48027
48118
48149
48156
48220
48260
48267
48321
48327
48526
48576
48706
48713
4879
48824
48829
48831
48864
49020
49124
49140
49225
49242
49254
49257
49364
494
49437
49473
495
49564
49649
49788
49792
4990
5
50029
50037
50069
50106
50119
50202
50368
50370
50433
50469
50494
50501
50541
50550
50579
506
50644
50676
50692
50743
50744
50786
50887
50913
5109
51096
51106
51329
51397
51424
51433
5145
51547
51715
51775
51814
51883
51899
51937
51959
51995
52000
52097
52138
52205
52232
52240
52255
52396
52454
52469
52615
52802
52848
5287
52883
5289
52937
53009
53080
53111
53183
53193
53211
53212
53319
53347
5339
53491
5359
53639
53649
53690
5374
53807
53888
53896
53964
53995
54031
54278
54280
5435
54372
54395
54438
54485
54486
545
54506
54522
5466
54661
54752
54786
54877
54893
549
54977
55066
5508
55113
55189
55233
55271
55388
55615
55620
55734
55748
55749
55799
55817
55975
55979
55980
5599
55999
56084
56267
56332
56440
56484
56509
56598
56621
56766
56824
56827
56878
56962
56999
57310
57341
57361
5738
57380
57403
57408
57411
57415
57421
57429
57497
57592
57672
57679
57681
57683
5771
57774
5779
57793
57882
57884
58038
58132
58182
58285
58289
5837
58380
58405
5848
58531
58532
58554
58655
58750
58762
58782
58854
58863
58890
58910
58917
58922
58955
58965
58974
59060
59405
5945
59517
59524
59565
59624
59656
59712
59857
59888
59893
6
6002
60043
60085
6013
60139
60254
60329
60367
60371
60387
60426
60529
60566
60567
606
60600
60611
60685
60783
60802
60908
60931
60932
60961
61
61050
61129
61140
61158
61246
61258
61276
61281
61311
61421
61422
61427
61438
61476
61538
61602
6164
61677
61760
61781
61970
62000
62021
62059
62331
62334
62371
62402
62427
6253
62546
62567
62597
62613
62628
62689
62780
62878
62881
63006
63065
6312
63166
6345
63461
63497
63766
6379
63894
639
63961
63991
640
64109
64316
64317
6434
6444
64449
64462
64481
64589
64590
64604
64698
64817
64842
64846
64960
65
65168
65180
65290
65301
65370
65383
6540
65485
65509
65567
65582
6563
6566
65693
6571
65711
65752
65863
659
65917
65980
65983
65996
66063
66064
66069
66107
66172
66177
66233
66254
66276
66290
66369
66388
66465
66469
66484
66492
66612
66819
66849
66861
66938
66943
6696
66972
67022
67156
67189
67363
67388
67414
67416
67428
675
67622
6763
67727
67764
67797
67829
67867
67892
67976
67979
68050
6809
68124
68173
68277
68326
68346
68349
68450
68472
68569
6858
68580
68618
68622
68636
68647
68703
68722
68731
68744
69048
69108
69146
69188
69221
69328
6952
69624
69641
69660
69671
69690
69754
69775
69776
6990
69947
69960
69988
7
70038
7009
70160
70265
70328
70337
70345
70359
70489
7056
70572
70573
70578
70583
70609
70642
70668
70687
70710
70720
70722
70823
70841
70874
70903
70922
70942
7098
70999
71061
71065
71080
71099
71185
71202
71211
71397
71426
716
71614
71632
71657
71669
71901
72005
72006
72008
72080
72091
72103
72305
72334
72345
72376
7238
72382
72421
72443
72582
72592
72603
72673
72720
72734
7275
72759
72780
72812
7288
72914
73052
73066
7313
73226
7323
73233
73281
73529
73535
7354
73566
73574
73575
73670
73812
73834
73874
73907
73924
73927
73931
74
74037
74125
74163
74200
74213
74221
74240
74246
74311
74325
74356
74380
74444
74494
74577
74760
74775
74789
74813
74924
74929
74931
75162
752
75200
75322
75335
75357
754
75443
75448
75573
75650
75728
75729
75818
75821
75875
75957
760
76065
76078
76104
76108
76115
76289
76366
76367
76464
76559
76629
76684
76689
76718
76725
76797
76902
76941
77086
77228
77395
77411
77425
77465
77478
77505
77545
77591
77608
77622
77731
77784
77845
77892
77955
78103
78149
78243
78285
78327
785
78579
78736
78783
78786
78800
78841
79032
79040
79109
7911
79136
79165
79178
79220
79257
79312
79374
79477
79584
79593
79823
8
80
80001
8004
80040
80085
80239
80391
80474
80518
80548
80576
80579
80916
80949
81
81003
81131
81152
81159
81161
81197
81207
81208
81227
8125
81267
81306
81319
81356
81433
81775
81947
81988
81992
82026
82028
82105
82234
82235
82274
82308
82318
82357
82358
82382
82391
82420
82440
82470
82499
82546
82619
82624
82738
82750
82772
82781
8281
82811
82816
82880
82888
83091
8316
83205
8321
83223
83270
83271
83304
83399
83469
8349
8350
83639
83758
83804
8381
83837
83882
83924
83938
83996
84
84111
84120
84168
84204
84270
84294
84314
84381
8450
8451
84547
84579
84581
84608
84630
84645
84812
84868
84875
84944
85116
85194
85232
85283
85468
85497
85502
85564
85565
85593
85604
85628
85667
85772
85799
85819
85837
85843
85850
85871
85952
85955
85975
86125
86262
86266
86297
86336
86448
86461
86540
86620
86692
8673
86732
86795
86806
86808
86809
86829
86850
86864
86890
87018
87085
87086
87124
87131
87253
87270
87309
87324
87548
87620
87624
87627
87691
87699
87722
87789
87819
87857
87884
88002
88026
88068
88317
88319
88367
88375
88408
88418
88422
88460
88474
88493
88593
88624
88675
88850
88855
88896
88917
88930
89028
891
89115
89126
89218
8922
89246
89257
89259
89279
89330
89388
89398
89557
89560
89696
89701
89721
89729
89777
89784
89785
89787
898
89805
89823
89825
89828
89842
89926
89929
89943
90196
90285
90356
90368
9039
90429
90466
90483
90540
90541
90544
90597
9060
9061
90623
90647
90725
90727
90748
90798
90836
90928
90982
91069
91096
91172
91177
91190
91194
91207
91227
91231
91349
91383
914
91614
91616
91621
91628
9167
91674
917
91706
91716
91741
91742
91795
9185
91864
91920
91952
9202
92055
92143
92184
9222
92278
92294
92329
92333
92463
92645
92648
92652
92679
92710
92743
92762
92778
92943
93040
93081
93271
93336
93347
93400
93405
93406
93547
93588
93609
93624
93655
93835
93894
93932
9408
94085
94095
9411
94173
94237
94288
94313
94340
94436
94451
94485
94489
94544
94690
94720
94733
94770
94821
94868
94928
95028
95146
9515
95203
95277
95338
95430
95473
95548
95699
95840
9608
96089
96129
96246
96259
96260
96293
96332
96360
96414
96421
96424
96426
96428
96627
96643
96657
96694
96794
96802
96821
96853
96899
97028
97054
97075
9713
97256
97293
97326
97343
97398
97466
97493
97505
97570
97660
97673
97743
97751
97769
97779
97784
97785
97790
97824
980
98065
98112
98164
98214
98225
98240
98292
98303
98327
98342
98377
98379
98391
98439
98451
98471
98519
98537
98634
98685
98688
98711
98764
98859
98997
9905
99071
9908
99097
99134
99178
99307
99327
99330
99349
99351
99456
99540
99547
99553
99566
99616
99626
99691
99790
998
99877
99959
9999
